0 14 17 13 16 12 15 11 12 9 12 8 11 7 10 6 7 4 7 3 8 2 7 3 4 17 20 16 19 15 18 14 15 12 15 11 14 10 13 9 10 9 10 8 11 7 10 6 7 20 23 19 22 18 21 17 18 15 18 14 17 13 16 12 13 12 13 11 14 10 13 9 10 3 4 4 7 5 8 6 9 6 7 7 10 8 11 9 12 9 10 10 13 11 14 12 15 8 9 9
14 0 3 3 6 4 7 5 8 7 8 8 11 9 12 10 13 12 13 13 16 14 17 15 18 5 6 6 9 7 10 8 11 10 11 11 14 12 15 13 16 15 16 16 19 17 20 18 21 8 9 9 12 10 13 11 14 13 14 14 17 15 18 16 19 18 19 19 22 20 23 21 24 17 18 18 21 19 22 20 23 20 21 21 24 22 25 23 26 23 24 24 27 25 28 26 29 22 23 23
17 3 0 6 3 7 4 8 5 8 7 11 8 12 9 13 10 13 12 16 13 17 14 18 15 2 5 3 8 4 9 5 8 7 8 8 11 9 12 10 13 12 13 13 16 14 17 15 18 7 8 8 11 9 12 10 11 10 11 11 14 12 15 13 16 15 16 16 19 17 20 18 21 18 17 21 18 22 19 23 20 17 18 18 21 19 22 20 23 20 21 21 24 22 25 23 26 23 22 26
13 3 6 0 9 3 10 4 7 6 7 7 10 8 11 9 12 11 12 12 15 13 16 14 17 8 9 9 12 10 13 9 10 9 10 10 13 11 14 12 15 14 15 15 18 16 19 17 20 11 12 12 15 13 16 12 13 12 13 13 16 14 17 15 18 17 18 18 21 19 22 20 23 16 17 17 20 18 21 19 22 19 20 20 23 21 24 22 25 22 23 23 26 24 27 25 28 21 22 22
16 6 3 9 0 10 3 7 4 7 6 10 7 11 8 12 9 12 11 15 12 16 13 17 14 3 6 2 9 3 10 4 7 6 7 7 10 8 11 9 12 11 12 12 15 13 16 14 17 8 9 9 12 10 13 9 10 9 10 10 13 11 14 12 15 14 15 15 18 16 19 17 20 17 16 20 17 21 18 22 19 16 17 17 20 18 21 19 22 19 20 20 23 21 24 22 25 22 21 25
12 4 7 3 10 0 9 3 6 5 6 6 9 7 10 8 11 10 11 11 14 12 15 13 16 9 10 10 13 9 12 8 9 8 9 9 12 10 13 11 14 13 14 14 17 15 18 16 19 12 13 13 16 12 15 11 12 11 12 12 15 13 16 14 17 16 17 17 20 18 21 19 22 15 16 16 19 17 20 18 21 18 19 19 22 20 23 21 24 21 22 22 25 23 26 24 27 20 21 21
15 7 4 10 3 9 0 6 3 6 5 9 6 10 7 11 8 11 10 14 11 15 12 16 13 4 7 3 10 2 9 3 6 5 6 6 9 7 10 8 11 10 11 11 14 12 15 13 16 9 10 10 13 9 12 8 9 8 9 9 12 10 13 11 14 13 14 14 17 15 18 16 19 16 15 19 16 20 17 21 18 15 16 16 19 17 20 18 21 18 19 19 22 20 23 21 24 21 20 24
11 5 8 4 7 3 6 0 3 2 3 5 6 6 7 7 8 9 10 10 11 11 12 12 13 8 11 7 10 6 9 5 6 5 6 6 9 7 10 8 11 10 11 11 14 12 15 13 16 11 14 10 13 9 12 8 9 8 9 9 12 10 13 11 14 13 14 14 17 15 18 16 19 14 15 15 16 16 17 17 18 15 16 16 19 17 20 18 21 18 19 19 22 20 23 21 24 19 20 20
12 8 5 7 4 6 3 3 0 3 2 6 5 7 6 8 7 10 9 11 10 12 11 13 12 5 8 4 9 3 8 2 5 4 5 5 8 6 9 7 10 9 10 10 13 11 14 12 15 10 11 9 12 8 11 7 8 7 8 8 11 9 12 10 13 12 13 13 16 14 17 15 18 15 14 16 15 17 16 18 17 14 15 15 18 16 19 17 20 17 18 18 21 19 22 20 23 20 19 21
9 7 8 6 7 5 6 2 3 0 3 3 6 4 7 5 8 7 8 8 11 9 12 10 13 8 11 7 10 6 9 5 6 5 6 6 9 7 10 8 11 10 11 11 14 12 15 13 16 11 14 10 13 9 12 8 9 8 9 9 12 10 13 11 14 13 14 14 17 15 18 16 19 12 13 13 16 14 17 15 18 15 16 16 19 17 20 18 21 18 19 19 22 20 23 21 24 17 18 18
12 8 7 7 6 6 5 3 2 3 0 6 3 7 4 8 5 8 7 11 8 12 9 13 10 7 10 6 9 5 8 4 5 2 5 3 8 4 9 5 8 7 8 8 11 9 12 10 13 10 13 9 12 8 11 7 8 7 8 8 11 9 12 10 11 10 11 11 14 12 15 13 16 13 12 16 13 17 14 18 15 12 13 13 16 14 17 15 18 15 16 16 19 17 20 18 21 18 17 21
8 8 11 7 10 6 9 5 6 3 6 0 9 3 10 4 7 6 7 7 10 8 11 9 12 11 14 10 13 9 12 8 9 8 9 9 12 10 13 9 10 9 10 10 13 11 14 12 15 14 17 13 16 12 15 11 12 11 12 12 15 13 16 12 13 12 13 13 16 14 17 15 18 11 12 12 15 13 16 14 17 14 15 15 18 16 19 17 20 17 18 18 21 19 22 20 23 16 17 17
11 11 8 10 7 9 6 6 5 6 3 9 0 10 3 7 4 7 6 10 7 11 8 12 9 8 11 7 10 6 9 5 6 3 6 2 9 3 10 4 7 6 7 7 10 8 11 9 12 11 14 10 13 9 12 8 9 8 9 9 12 10 13 9 10 9 10 10 13 11 14 12 15 12 11 15 12 16 13 17 14 11 12 12 15 13 16 14 17 14 15 15 18 16 19 17 20 17 16 20
7 9 12 8 11 7 10 6 7 4 7 3 10 0 9 3 6 5 6 6 9 7 10 8 11 12 15 11 14 10 13 9 10 9 10 10 13 9 12 8 9 8 9 9 12 10 13 11 14 15 18 14 17 13 16 12 13 12 13 13 16 12 15 11 12 11 12 12 15 13 16 14 17 10 11 11 14 12 15 13 16 13 14 14 17 15 18 16 19 16 17 17 20 18 21 19 22 15 16 16
10 12 9 11 8 10 7 7 6 7 4 10 3 9 0 6 3 6 5 9 6 10 7 11 8 9 12 8 11 7 10 6 7 4 7 3 10 2 9 3 6 5 6 6 9 7 10 8 11 12 15 11 14 10 13 9 10 9 10 10 13 9 12 8 9 8 9 9 12 10 13 11 14 11 10 14 11 15 12 16 13 10 11 11 14 12 15 13 16 13 14 14 17 15 18 16 19 16 15 19
6 10 13 9 12 8 11 7 8 5 8 4 7 3 6 0 3 2 3 5 6 6 7 7 8 13 16 12 15 11 14 10 11 8 11 7 10 6 9 5 6 5 6 6 9 7 10 8 11 16 19 15 18 14 17 13 14 11 14 10 13 9 12 8 9 8 9 9 12 10 13 11 14 9 10 10 11 11 12 12 13 10 11 11 14 12 15 13 16 13 14 14 17 15 18 16 19 14 15 15
7 13 10 12 9 11 8 8 7 8 5 7 4 6 3 3 0 3 2 6 5 7 6 8 7 10 13 9 12 8 11 7 8 5 8 4 9 3 8 2 5 4 5 5 8 6 9 7 10 13 16 12 15 11 14 10 11 10 11 9 12 8 11 7 8 7 8 8 11 9 12 10 13 10 9 11 10 12 11 13 12 9 10 10 13 11 14 12 15 12 13 13 16 14 17 15 18 15 14 16
4 12 13 11 12 10 11 9 10 7 8 6 7 5 6 2 3 0 3 3 6 4 7 5 8 13 16 12 15 11 14 10 11 8 11 7 10 6 9 5 6 5 6 6 9 7 10 8 11 16 19 15 18 14 17 13 14 11 14 10 13 9 12 8 9 8 9 9 12 10 13 11 14 7 8 8 11 9 12 10 13 10 11 11 14 12 15 13 16 13 14 14 17 15 18 16 19 12 13 13
7 13 12 12 11 11 10 10 9 8 7 7 6 6 5 3 2 3 0 6 3 7 4 8 5 12 15 11 14 10 13 9 10 7 10 6 9 5 8 4 5 2 5 3 8 4 9 5 8 15 18 14 17 13 16 12 13 10 13 9 12 8 11 7 8 7 8 8 11 9 12 10 11 8 7 11 8 12 9 13 10 7 8 8 11 9 12 10 13 10 11 11 14 12 15 13 16 13 12 16
3 13 16 12 15 11 14 10 11 8 11 7 10 6 9 5 6 3 6 0 9 3 10 4 7 16 19 15 18 14 17 13 14 11 14 10 13 9 12 8 9 8 9 9 12 10 13 9 10 19 22 18 21 17 20 16 17 14 17 13 16 12 15 11 12 11 12 12 15 13 16 12 13 6 7 7 10 8 11 9 12 9 10 10 13 11 14 12 15 12 13 13 16 14 17 15 18 11 12 12
8 16 13 15 12 14 11 11 10 11 8 10 7 9 6 6 5 6 3 9 0 10 3 7 4 13 16 12 15 11 14 10 11 8 11 7 10 6 9 5 6 3 6 2 9 3 10 4 7 16 19 15 18 14 17 13 14 11 14 10 13 9 12 8 9 8 9 9 12 10 13 9 10 7 6 10 7 11 8 12 9 6 7 7 10 8 11 9 12 9 10 10 13 11 14 12 15 12 11 15
2 14 17 13 16 12 15 11 12 9 12 8 11 7 10 6 7 4 7 3 10 0 9 3 6 17 20 16 19 15 18 14 15 12 15 11 14 10 13 9 10 9 10 10 13 9 12 8 9 20 23 19 22 18 21 17 18 15 18 14 17 13 16 12 13 12 13 13 16 12 15 11 12 5 6 6 9 7 10 8 11 8 9 9 12 10 13 11 14 11 12 12 15 13 16 14 17 10 11 11
7 17 14 16 13 15 12 12 11 12 9 11 8 10 7 7 6 7 4 10 3 9 0 6 3 14 17 13 16 12 15 11 12 9 12 8 11 7 10 6 7 4 7 3 10 2 9 3 6 17 20 16 19 15 18 14 15 12 15 11 14 10 13 9 10 9 10 10 13 9 12 8 9 6 5 9 6 10 7 11 8 5 6 6 9 7 10 8 11 8 9 9 12 10 13 11 14 11 10 14
1 15 18 14 17 13 16 12 13 10 13 9 12 8 11 7 8 5 8 4 7 3 6 0 3 18 21 17 20 16 19 15 16 13 16 12 15 11 14 10 11 8 11 7 10 6 9 5 6 21 24 20 23 19 22 18 19 16 19 15 18 14 17 13 14 11 14 10 13 9 12 8 9 2 3 5 6 6 7 7 8 5 6 6 9 7 10 8 11 8 9 9 12 10 13 11 14 9 10 10
4 18 15 17 14 16 13 13 12 13 10 12 9 11 8 8 7 8 5 7 4 6 3 3 0 15 18 14 17 13 16 12 13 10 13 9 12 8 11 7 8 5 8 4 9 3 8 2 5 18 21 17 20 16 19 15 16 13 16 12 15 11 14 10 11 10 11 9 12 8 11 7 8 3 2 6 5 7 6 8 7 4 5 5 8 6 9 7 10 7 8 8 11 9 12 10 13 10 9 11
17 5 2 8 3 9 4 8 5 8 7 11 8 12 9 13 10 13 12 16 13 17 14 18 15 0 3 3 6 4 7 5 8 7 8 8 11 9 12 10 13 12 13 13 16 14 17 15 18 5 6 6 9 7 10 8 11 10 11 11 14 12 15 13 16 15 16 16 19 17 20 18 21 18 17 21 18 22 19 23 20 17 18 18 21 19 22 20 23 20 21 21 24 22 25 23 26 23 22 26
20 6 5 9 6 10 7 11 8 11 10 14 11 15 12 16 13 16 15 19 16 20 17 21 18 3 0 6 3 7 4 8 5 8 7 11 8 12 9 13 10 13 12 16 13 17 14 18 15 2 5 3 8 4 9 5 8 7 8 8 11 9 12 10 13 12 13 13 16 14 17 15 18 21 20 24 21 25 22 26 23 18 17 21 18 22 19 23 20 17 18 18 21 19 22 20 23 26 25 29
16 6 3 9 2 10 3 7 4 7 6 10 7 11 8 12 9 12 11 15 12 16 13 17 14 3 6 0 9 3 10 4 7 6 7 7 10 8 11 9 12 11 12 12 15 13 16 14 17 8 9 9 12 10 13 9 10 9 10 10 13 11 14 12 15 14 15 15 18 16 19 17 20 17 16 20 17 21 18 22 19 16 17 17 20 18 21 19 22 19 20 20 23 21 24 22 25 22 21 25
19 9 8 12 9 13 10 10 9 10 9 13 10 14 11 15 12 15 14 18 15 19 16 20 17 6 3 9 0 10 3 7 4 7 6 10 7 11 8 12 9 12 11 15 12 16 13 17 14 3 6 2 9 3 10 4 7 6 7 7 10 8 11 9 12 11 12 12 15 13 16 14 17 20 19 23 20 24 21 25 22 17 16 20 17 21 18 22 19 16 17 17 20 18 21 19 22 25 24 28
15 7 4 10 3 9 2 6 3 6 5 9 6 10 7 11 8 11 10 14 11 15 12 16 13 4 7 3 10 0 9 3 6 5 6 6 9 7 10 8 11 10 11 11 14 12 15 13 16 9 10 10 13 9 12 8 9 8 9 9 12 10 13 11 14 13 14 14 17 15 18 16 19 16 15 19 16 20 17 21 18 15 16 16 19 17 20 18 21 18 19 19 22 20 23 21 24 21 20 24
18 10 9 13 10 12 9 9 8 9 8 12 9 13 10 14 11 14 13 17 14 18 15 19 16 7 4 10 3 9 0 6 3 6 5 9 6 10 7 11 8 11 10 14 11 15 12 16 13 4 7 3 10 2 9 3 6 5 6 6 9 7 10 8 11 10 11 11 14 12 15 13 16 19 18 22 19 23 20 24 21 16 15 19 16 20 17 21 18 15 16 16 19 17 20 18 21 24 23 27
14 8 5 9 4 8 3 5 2 5 4 8 5 9 6 10 7 10 9 13 10 14 11 15 12 5 8 4 7 3 6 0 3 2 3 5 6 6 7 7 8 9 10 10 11 11 12 12 13 8 11 7 10 6 9 5 6 5 6 6 9 7 10 8 11 10 11 11 14 12 15 13 16 15 14 18 15 19 16 20 17 14 15 15 16 16 17 17 18 15 16 16 19 17 20 18 21 20 19 23
15 11 8 10 7 9 6 6 5 6 5 9 6 10 7 11 8 11 10 14 11 15 12 16 13 8 5 7 4 6 3 3 0 3 2 6 5 7 6 8 7 10 9 11 10 12 11 13 12 5 8 4 9 3 8 2 5 4 5 5 8 6 9 7 10 9 10 10 13 11 14 12 15 16 15 19 16 20 17 21 18 15 14 16 15 17 16 18 17 14 15 15 18 16 19 17 20 21 20 24
12 10 7 9 6 8 5 5 4 5 2 8 3 9 4 8 5 8 7 11 8 12 9 13 10 7 8 6 7 5 6 2 3 0 3 3 6 4 7 5 8 7 8 8 11 9 12 10 13 8 11 7 10 6 9 5 6 5 6 6 9 7 10 8 11 10 11 11 14 12 15 13 16 13 12 16 13 17 14 18 15 12 13 13 16 14 17 15 18 15 16 16 19 17 20 18 21 18 17 21
15 11 8 10 7 9 6 6 5 6 5 9 6 10 7 11 8 11 10 14 11 15 12 16 13 8 7 7 6 6 5 3 2 3 0 6 3 7 4 8 5 8 7 11 8 12 9 13 10 7 10 6 9 5 8 4 5 2 5 3 8 4 9 5 8 7 8 8 11 9 12 10 13 16 15 19 16 20 17 21 18 13 12 16 13 17 14 18 15 12 13 13 16 14 17 15 18 21 20 24
11 11 8 10 7 9 6 6 5 6 3 9 2 10 3 7 4 7 6 10 7 11 8 12 9 8 11 7 10 6 9 5 6 3 6 0 9 3 10 4 7 6 7 7 10 8 11 9 12 11 14 10 13 9 12 8 9 8 9 9 12 10 13 9 10 9 10 10 13 11 14 12 15 12 11 15 12 16 13 17 14 11 12 12 15 13 16 14 17 14 15 15 18 16 19 17 20 17 16 20
14 14 11 13 10 12 9 9 8 9 8 12 9 13 10 10 9 10 9 13 10 14 11 15 12 11 8 10 7 9 6 6 5 6 3 9 0 10 3 7 4 7 6 10 7 11 8 12 9 8 11 7 10 6 9 5 6 3 6 2 9 3 10 4 7 6 7 7 10 8 11 9 12 15 14 18 15 19 16 20 17 12 11 15 12 16 13 17 14 11 12 12 15 13 16 14 17 20 19 23
10 12 9 11 8 10 7 7 6 7 4 10 3 9 2 6 3 6 5 9 6 10 7 11 8 9 12 8 11 7 10 6 7 4 7 3 10 0 9 3 6 5 6 6 9 7 10 8 11 12 15 11 14 10 13 9 10 9 10 10 13 9 12 8 9 8 9 9 12 10 13 11 14 11 10 14 11 15 12 16 13 10 11 11 14 12 15 13 16 13 14 14 17 15 18 16 19 16 15 19
13 15 12 14 11 13 10 10 9 10 9 13 10 12 9 9 8 9 8 12 9 13 10 14 11 12 9 11 8 10 7 7 6 7 4 10 3 9 0 6 3 6 5 9 6 10 7 11 8 9 12 8 11 7 10 6 7 4 7 3 10 2 9 3 6 5 6 6 9 7 10 8 11 14 13 17 14 18 15 19 16 11 10 14 11 15 12 16 13 10 11 11 14 12 15 13 16 19 18 22
9 13 10 12 9 11 8 8 7 8 5 9 4 8 3 5 2 5 4 8 5 9 6 10 7 10 13 9 12 8 11 7 8 5 8 4 7 3 6 0 3 2 3 5 6 6 7 7 8 13 16 12 15 11 14 10 11 8 11 7 10 6 9 5 6 5 6 6 9 7 10 8 11 10 9 13 10 14 11 15 12 9 10 10 11 11 12 12 13 10 11 11 14 12 15 13 16 15 14 18
10 16 13 15 12 14 11 11 10 11 8 10 7 9 6 6 5 6 5 9 6 10 7 11 8 13 10 12 9 11 8 8 7 8 5 7 4 6 3 3 0 3 2 6 5 7 6 8 7 10 13 9 12 8 11 7 8 5 8 4 9 3 8 2 5 4 5 5 8 6 9 7 10 11 10 14 11 15 12 16 13 10 9 11 10 12 11 13 12 9 10 10 13 11 14 12 15 16 15 19
9 15 12 14 11 13 10 10 9 10 7 9 6 8 5 5 4 5 2 8 3 9 4 8 5 12 13 11 12 10 11 9 10 7 8 6 7 5 6 2 3 0 3 3 6 4 7 5 8 13 16 12 15 11 14 10 11 8 11 7 10 6 9 5 6 5 6 6 9 7 10 8 11 8 7 11 8 12 9 13 10 7 8 8 11 9 12 10 13 10 11 11 14 12 15 13 16 13 12 16
10 16 13 15 12 14 11 11 10 11 8 10 7 9 6 6 5 6 5 9 6 10 7 11 8 13 12 12 11 11 10 10 9 8 7 7 6 6 5 3 2 3 0 6 3 7 4 8 5 12 15 11 14 10 13 9 10 7 10 6 9 5 8 4 5 2 5 3 8 4 9 5 8 11 10 14 11 15 12 16 13 8 7 11 8 12 9 13 10 7 8 8 11 9 12 10 13 16 15 19
8 16 13 15 12 14 11 11 10 11 8 10 7 9 6 6 5 6 3 9 2 10 3 7 4 13 16 12 15 11 14 10 11 8 11 7 10 6 9 5 6 3 6 0 9 3 10 4 7 16 19 15 18 14 17 13 14 11 14 10 13 9 12 8 9 8 9 9 12 10 13 9 10 7 6 10 7 11 8 12 9 6 7 7 10 8 11 9 12 9 10 10 13 11 14 12 15 12 11 15
11 19 16 18 15 17 14 14 13 14 11 13 10 12 9 9 8 9 8 12 9 13 10 10 9 16 13 15 12 14 11 11 10 11 8 10 7 9 6 6 5 6 3 9 0 10 3 7 4 13 16 12 15 11 14 10 11 8 11 7 10 6 9 5 6 3 6 2 9 3 10 4 7 10 9 13 10 14 11 15 12 7 6 10 7 11 8 12 9 6 7 7 10 8 11 9 12 15 14 18
7 17 14 16 13 15 12 12 11 12 9 11 8 10 7 7 6 7 4 10 3 9 2 6 3 14 17 13 16 12 15 11 12 9 12 8 11 7 10 6 7 4 7 3 10 0 9 3 6 17 20 16 19 15 18 14 15 12 15 11 14 10 13 9 10 9 10 10 13 9 12 8 9 6 5 9 6 10 7 11 8 5 6 6 9 7 10 8 11 8 9 9 12 10 13 11 14 11 10 14
10 20 17 19 16 18 15 15 14 15 12 14 11 13 10 10 9 10 9 13 10 12 9 9 8 17 14 16 13 15 12 12 11 12 9 11 8 10 7 7 6 7 4 10 3 9 0 6 3 14 17 13 16 12 15 11 12 9 12 8 11 7 10 6 7 4 7 3 10 2 9 3 6 9 8 12 9 13 10 14 11 6 5 9 6 10 7 11 8 5 6 6 9 7 10 8 11 14 13 17
6 18 15 17 14 16 13 13 12 13 10 12 9 11 8 8 7 8 5 9 4 8 3 5 2 15 18 14 17 13 16 12 13 10 13 9 12 8 11 7 8 5 8 4 7 3 6 0 3 18 21 17 20 16 19 15 16 13 16 12 15 11 14 10 11 8 11 7 10 6 9 5 6 5 4 8 5 9 6 10 7 2 3 5 6 6 7 7 8 5 6 6 9 7 10 8 11 10 9 13
7 21 18 20 17 19 16 16 15 16 13 15 12 14 11 11 10 11 8 10 7 9 6 6 5 18 15 17 14 16 13 13 12 13 10 12 9 11 8 8 7 8 5 7 4 6 3 3 0 15 18 14 17 13 16 12 13 10 13 9 12 8 11 7 8 5 8 4 9 3 8 2 5 6 5 9 6 10 7 11 8 3 2 6 5 7 6 8 7 4 5 5 8 6 9 7 10 11 10 14
20 8 7 11 8 12 9 11 10 11 10 14 11 15 12 16 13 16 15 19 16 20 17 21 18 5 2 8 3 9 4 8 5 8 7 11 8 12 9 13 10 13 12 16 13 17 14 18 15 0 3 3 6 4 7 5 8 7 8 8 11 9 12 10 13 12 13 13 16 14 17 15 18 21 20 24 21 25 22 26 23 18 17 21 18 22 19 23 20 17 18 18 21 19 22 20 23 26 25 29
23 9 8 12 9 13 10 14 11 14 13 17 14 18 15 19 16 19 18 22 19 23 20 24 21 6 5 9 6 10 7 11 8 11 10 14 11 15 12 16 13 16 15 19 16 20 17 21 18 3 0 6 3 7 4 8 5 8 7 11 8 12 9 13 10 13 12 16 13 17 14 18 15 24 23 27 24 28 25 29 26 21 20 24 21 25 22 26 23 18 17 21 18 22 19 23 20 29 28 32
19 9 8 12 9 13 10 10 9 10 9 13 10 14 11 15 12 15 14 18 15 19 16 20 17 6 3 9 2 10 3 7 4 7 6 10 7 11 8 12 9 12 11 15 12 16 13 17 14 3 6 0 9 3 10 4 7 6 7 7 10 8 11 9 12 11 12 12 15 13 16 14 17 20 19 23 20 24 21 25 22 17 16 20 17 21 18 22 19 16 17 17 20 18 21 19 22 25 24 28
22 12 11 15 12 16 13 13 12 13 12 16 13 17 14 18 15 18 17 21 18 22 19 23 20 9 8 12 9 13 10 10 9 10 9 13 10 14 11 15 12 15 14 18 15 19 16 20 17 6 3 9 0 10 3 7 4 7 6 10 7 11 8 12 9 12 11 15 12 16 13 17 14 23 22 26 23 27 24 28 25 20 19 23 20 24 21 25 22 17 16 20 17 21 18 22 19 28 27 31
18 10 9 13 10 12 9 9 8 9 8 12 9 13 10 14 11 14 13 17 14 18 15 19 16 7 4 10 3 9 2 6 3 6 5 9 6 10 7 11 8 11 10 14 11 15 12 16 13 4 7 3 10 0 9 3 6 5 6 6 9 7 10 8 11 10 11 11 14 12 15 13 16 19 18 22 19 23 20 24 21 16 15 19 16 20 17 21 18 15 16 16 19 17 20 18 21 24 23 27
21 13 12 16 13 15 12 12 11 12 11 15 12 16 13 17 14 17 16 20 17 21 18 22 19 10 9 13 10 12 9 9 8 9 8 12 9 13 10 14 11 14 13 17 14 18 15 19 16 7 4 10 3 9 0 6 3 6 5 9 6 10 7 11 8 11 10 14 11 15 12 16 13 22 21 25 22 26 23 27 24 19 18 22 19 23 20 24 21 16 15 19 16 20 17 21 18 27 26 30
17 11 10 12 9 11 8 8 7 8 7 11 8 12 9 13 10 13 12 16 13 17 14 18 15 8 5 9 4 8 3 5 2 5 4 8 5 9 6 10 7 10 9 13 10 14 11 15 12 5 8 4 7 3 6 0 3 2 3 5 6 6 7 7 8 9 10 10 11 11 12 12 13 18 17 21 18 22 19 23 20 15 14 18 15 19 16 20 17 14 15 15 16 16 17 17 18 23 22 26
18 14 11 13 10 12 9 9 8 9 8 12 9 13 10 14 11 14 13 17 14 18 15 19 16 11 8 10 7 9 6 6 5 6 5 9 6 10 7 11 8 11 10 14 11 15 12 16 13 8 5 7 4 6 3 3 0 3 2 6 5 7 6 8 7 10 9 11 10 12 11 13 12 19 18 22 19 23 20 24 21 16 15 19 16 20 17 21 18 15 14 16 15 17 16 18 17 24 23 27
15 13 10 12 9 11 8 8 7 8 7 11 8 12 9 11 10 11 10 14 11 15 12 16 13 10 7 9 6 8 5 5 4 5 2 8 3 9 4 8 5 8 7 11 8 12 9 13 10 7 8 6 7 5 6 2 3 0 3 3 6 4 7 5 8 7 8 8 11 9 12 10 13 16 15 19 16 20 17 21 18 13 12 16 13 17 14 18 15 12 13 13 16 14 17 15 18 21 20 24
18 14 11 13 10 12 9 9 8 9 8 12 9 13 10 14 11 14 13 17 14 18 15 19 16 11 8 10 7 9 6 6 5 6 5 9 6 10 7 11 8 11 10 14 11 15 12 16 13 8 7 7 6 6 5 3 2 3 0 6 3 7 4 8 5 8 7 11 8 12 9 13 10 19 18 22 19 23 20 24 21 16 15 19 16 20 17 21 18 13 12 16 13 17 14 18 15 24 23 27
14 14 11 13 10 12 9 9 8 9 8 12 9 13 10 10 9 10 9 13 10 14 11 15 12 11 8 10 7 9 6 6 5 6 3 9 2 10 3 7 4 7 6 10 7 11 8 12 9 8 11 7 10 6 9 5 6 3 6 0 9 3 10 4 7 6 7 7 10 8 11 9 12 15 14 18 15 19 16 20 17 12 11 15 12 16 13 17 14 11 12 12 15 13 16 14 17 20 19 23
17 17 14 16 13 15 12 12 11 12 11 15 12 16 13 13 12 13 12 16 13 17 14 18 15 14 11 13 10 12 9 9 8 9 8 12 9 13 10 10 9 10 9 13 10 14 11 15 12 11 8 10 7 9 6 6 5 6 3 9 0 10 3 7 4 7 6 10 7 11 8 12 9 18 17 21 18 22 19 23 20 15 14 18 15 19 16 20 17 12 11 15 12 16 13 17 14 23 22 26
13 15 12 14 11 13 10 10 9 10 9 13 10 12 9 9 8 9 8 12 9 13 10 14 11 12 9 11 8 10 7 7 6 7 4 10 3 9 2 6 3 6 5 9 6 10 7 11 8 9 12 8 11 7 10 6 7 4 7 3 10 0 9 3 6 5 6 6 9 7 10 8 11 14 13 17 14 18 15 19 16 11 10 14 11 15 12 16 13 10 11 11 14 12 15 13 16 19 18 22
16 18 15 17 14 16 13 13 12 13 12 16 13 15 12 12 11 12 11 15 12 16 13 17 14 15 12 14 11 13 10 10 9 10 9 13 10 12 9 9 8 9 8 12 9 13 10 14 11 12 9 11 8 10 7 7 6 7 4 10 3 9 0 6 3 6 5 9 6 10 7 11 8 17 16 20 17 21 18 22 19 14 13 17 14 18 15 19 16 11 10 14 11 15 12 16 13 22 21 25
12 16 13 15 12 14 11 11 10 11 10 12 9 11 8 8 7 8 7 11 8 12 9 13 10 13 10 12 9 11 8 8 7 8 5 9 4 8 3 5 2 5 4 8 5 9 6 10 7 10 13 9 12 8 11 7 8 5 8 4 7 3 6 0 3 2 3 5 6 6 7 7 8 13 12 16 13 17 14 18 15 10 9 13 10 14 11 15 12 9 10 10 11 11 12 12 13 18 17 21
13 19 16 18 15 17 14 14 13 14 11 13 10 12 9 9 8 9 8 12 9 13 10 14 11 16 13 15 12 14 11 11 10 11 8 10 7 9 6 6 5 6 5 9 6 10 7 11 8 13 10 12 9 11 8 8 7 8 5 7 4 6 3 3 0 3 2 6 5 7 6 8 7 14 13 17 14 18 15 19 16 11 10 14 11 15 12 16 13 10 9 11 10 12 11 13 12 19 18 22
12 18 15 17 14 16 13 13 12 13 10 12 9 11 8 8 7 8 7 11 8 12 9 11 10 15 12 14 11 13 10 10 9 10 7 9 6 8 5 5 4 5 2 8 3 9 4 8 5 12 13 11 12 10 11 9 10 7 8 6 7 5 6 2 3 0 3 3 6 4 7 5 8 11 10 14 11 15 12 16 13 8 7 11 8 12 9 13 10 7 8 8 11 9 12 10 13 16 15 19
13 19 16 18 15 17 14 14 13 14 11 13 10 12 9 9 8 9 8 12 9 13 10 14 11 16 13 15 12 14 11 11 10 11 8 10 7 9 6 6 5 6 5 9 6 10 7 11 8 13 12 12 11 11 10 10 9 8 7 7 6 6 5 3 2 3 0 6 3 7 4 8 5 14 13 17 14 18 15 19 16 11 10 14 11 15 12 16 13 8 7 11 8 12 9 13 10 19 18 22
11 19 16 18 15 17 14 14 13 14 11 13 10 12 9 9 8 9 8 12 9 13 10 10 9 16 13 15 12 14 11 11 10 11 8 10 7 9 6 6 5 6 3 9 2 10 3 7 4 13 16 12 15 11 14 10 11 8 11 7 10 6 9 5 6 3 6 0 9 3 10 4 7 10 9 13 10 14 11 15 12 7 6 10 7 11 8 12 9 6 7 7 10 8 11 9 12 15 14 18
14 22 19 21 18 20 17 17 16 17 14 16 13 15 12 12 11 12 11 15 12 16 13 13 12 19 16 18 15 17 14 14 13 14 11 13 10 12 9 9 8 9 8 12 9 13 10 10 9 16 13 15 12 14 11 11 10 11 8 10 7 9 6 6 5 6 3 9 0 10 3 7 4 13 12 16 13 17 14 18 15 10 9 13 10 14 11 15 12 7 6 10 7 11 8 12 9 18 17 21
10 20 17 19 16 18 15 15 14 15 12 14 11 13 10 10 9 10 9 13 10 12 9 9 8 17 14 16 13 15 12 12 11 12 9 11 8 10 7 7 6 7 4 10 3 9 2 6 3 14 17 13 16 12 15 11 12 9 12 8 11 7 10 6 7 4 7 3 10 0 9 3 6 9 8 12 9 13 10 14 11 6 5 9 6 10 7 11 8 5 6 6 9 7 10 8 11 14 13 17
13 23 20 22 19 21 18 18 17 18 15 17 14 16 13 13 12 13 12 16 13 15 12 12 11 20 17 19 16 18 15 15 14 15 12 14 11 13 10 10 9 10 9 13 10 12 9 9 8 17 14 16 13 15 12 12 11 12 9 11 8 10 7 7 6 7 4 10 3 9 0 6 3 12 11 15 12 16 13 17 14 9 8 12 9 13 10 14 11 6 5 9 6 10 7 11 8 17 16 20
9 21 18 20 17 19 16 16 15 16 13 15 12 14 11 11 10 11 10 12 9 11 8 8 7 18 15 17 14 16 13 13 12 13 10 12 9 11 8 8 7 8 5 9 4 8 3 5 2 15 18 14 17 13 16 12 13 10 13 9 12 8 11 7 8 5 8 4 7 3 6 0 3 8 7 11 8 12 9 13 10 5 4 8 5 9 6 10 7 2 3 5 6 6 7 7 8 13 12 16
10 24 21 23 20 22 19 19 18 19 16 18 15 17 14 14 13 14 11 13 10 12 9 9 8 21 18 20 17 19 16 16 15 16 13 15 12 14 11 11 10 11 8 10 7 9 6 6 5 18 15 17 14 16 13 13 12 13 10 12 9 11 8 8 7 8 5 7 4 6 3 3 0 9 8 12 9 13 10 14 11 6 5 9 6 10 7 11 8 3 2 6 5 7 6 8 7 14 13 17
3 17 18 16 17 15 16 14 15 12 13 11 12 10 11 9 10 7 8 6 7 5 6 2 3 18 21 17 20 16 19 15 16 13 16 12 15 11 14 10 11 8 11 7 10 6 9 5 6 21 24 20 23 19 22 18 19 16 19 15 18 14 17 13 14 11 14 10 13 9 12 8 9 0 3 3 6 4 7 5 8 5 6 6 9 7 10 8 11 8 9 9 12 10 13 11 14 7 8 8
4 18 17 17 16 16 15 15 14 13 12 12 11 11 10 10 9 8 7 7 6 6 5 3 2 17 20 16 19 15 18 14 15 12 15 11 14 10 13 9 10 7 10 6 9 5 8 4 5 20 23 19 22 18 21 17 18 15 18 14 17 13 16 12 13 10 13 9 12 8 11 7 8 3 0 6 3 7 4 8 5 2 5 3 8 4 9 5 8 7 8 8 11 9 12 10 11 8 7 11
4 18 21 17 20 16 19 15 16 13 16 12 15 11 14 10 11 8 11 7 10 6 9 5 6 21 24 20 23 19 22 18 19 16 19 15 18 14 17 13 14 11 14 10 13 9 12 8 9 24 27 23 26 22 25 21 22 19 22 18 21 17 20 16 17 14 17 13 16 12 15 11 12 3 6 0 9 3 10 4 7 8 9 9 12 10 13 9 10 11 12 12 15 13 16 12 13 6 7 7
7 21 18 20 17 19 16 16 15 16 13 15 12 14 11 11 10 11 8 10 7 9 6 6 5 18 21 17 20 16 19 15 16 13 16 12 15 11 14 10 11 8 11 7 10 6 9 5 6 21 24 20 23 19 22 18 19 16 19 15 18 14 17 13 14 11 14 10 13 9 12 8 9 6 3 9 0 10 3 7 4 3 6 2 9 3 10 4 7 8 9 9 12 10 13 9 10 7 6 10
5 19 22 18 21 17 20 16 17 14 17 13 16 12 15 11 12 9 12 8 11 7 10 6 7 22 25 21 24 20 23 19 20 17 20 16 19 15 18 14 15 12 15 11 14 10 13 9 10 25 28 24 27 23 26 22 23 20 23 19 22 18 21 17 18 15 18 14 17 13 16 12 13 4 7 3 10 0 9 3 6 9 10 10 13 9 12 8 9 12 13 13 16 12 15 11 12 5 6 6
8 22 19 21 18 20 17 17 16 17 14 16 13 15 12 12 11 12 9 11 8 10 7 7 6 19 22 18 21 17 20 16 17 14 17 13 16 12 15 11 12 9 12 8 11 7 10 6 7 22 25 21 24 20 23 19 20 17 20 16 19 15 18 14 15 12 15 11 14 10 13 9 10 7 4 10 3 9 0 6 3 4 7 3 10 2 9 3 6 9 10 10 13 9 12 8 9 6 5 9
6 20 23 19 22 18 21 17 18 15 18 14 17 13 16 12 13 10 13 9 12 8 11 7 8 23 26 22 25 21 24 20 21 18 21 17 20 16 19 15 16 13 16 12 15 11 14 10 11 26 29 25 28 24 27 23 24 21 24 20 23 19 22 18 19 16 19 15 18 14 17 13 14 5 8 4 7 3 6 0 3 8 11 7 10 6 9 5 6 11 14 10 13 9 12 8 9 2 3 5
9 23 20 22 19 21 18 18 17 18 15 17 14 16 13 13 12 13 10 12 9 11 8 8 7 20 23 19 22 18 21 17 18 15 18 14 17 13 16 12 13 10 13 9 12 8 11 7 8 23 26 22 25 21 24 20 21 18 21 17 20 16 19 15 16 13 16 12 15 11 14 10 11 8 5 7 4 6 3 3 0 5 8 4 9 3 8 2 5 10 11 9 12 8 11 7 8 3 2 6
6 20 17 19 16 18 15 15 14 15 12 14 11 13 10 10 9 10 7 9 6 8 5 5 4 17 18 16 17 15 16 14 15 12 13 11 12 10 11 9 10 7 8 6 7 5 6 2 3 18 21 17 20 16 19 15 16 13 16 12 15 11 14 10 11 8 11 7 10 6 9 5 6 5 2 8 3 9 4 8 5 0 3 3 6 4 7 5 8 5 6 6 9 7 10 8 11 8 7 11
7 21 18 20 17 19 16 16 15 16 13 15 12 14 11 11 10 11 8 10 7 9 6 6 5 18 17 17 16 16 15 15 14 13 12 12 11 11 10 10 9 8 7 7 6 6 5 3 2 17 20 16 19 15 18 14 15 12 15 11 14 10 13 9 10 7 10 6 9 5 8 4 5 6 5 9 6 10 7 11 8 3 0 6 3 7 4 8 5 2 5 3 8 4 9 5 8 11 10 14
7 21 18 20 17 19 16 16 15 16 13 15 12 14 11 11 10 11 8 10 7 9 6 6 5 18 21 17 20 16 19 15 16 13 16 12 15 11 14 10 11 8 11 7 10 6 9 5 6 21 24 20 23 19 22 18 19 16 19 15 18 14 17 13 14 11 14 10 13 9 12 8 9 6 3 9 2 10 3 7 4 3 6 0 9 3 10 4 7 8 9 9 12 10 13 9 10 7 6 10
10 24 21 23 20 22 19 19 18 19 16 18 15 17 14 14 13 14 11 13 10 12 9 9 8 21 18 20 17 19 16 16 15 16 13 15 12 14 11 11 10 11 8 10 7 9 6 6 5 18 21 17 20 16 19 15 16 13 16 12 15 11 14 10 11 8 11 7 10 6 9 5 6 9 8 12 9 13 10 10 9 6 3 9 0 10 3 7 4 3 6 2 9 3 10 4 7 10 9 13
8 22 19 21 18 20 17 17 16 17 14 16 13 15 12 12 11 12 9 11 8 10 7 7 6 19 22 18 21 17 20 16 17 14 17 13 16 12 15 11 12 9 12 8 11 7 10 6 7 22 25 21 24 20 23 19 20 17 20 16 19 15 18 14 15 12 15 11 14 10 13 9 10 7 4 10 3 9 2 6 3 4 7 3 10 0 9 3 6 9 10 10 13 9 12 8 9 6 5 9
11 25 22 24 21 23 20 20 19 20 17 19 16 18 15 15 14 15 12 14 11 13 10 10 9 22 19 21 18 20 17 17 16 17 14 16 13 15 12 12 11 12 9 11 8 10 7 7 6 19 22 18 21 17 20 16 17 14 17 13 16 12 15 11 12 9 12 8 11 7 10 6 7 10 9 13 10 12 9 9 8 7 4 10 3 9 0 6 3 4 7 3 10 2 9 3 6 9 8 12
9 23 20 22 19 21 18 18 17 18 15 17 14 16 13 13 12 13 10 12 9 11 8 8 7 20 23 19 22 18 21 17 18 15 18 14 17 13 16 12 13 10 13 9 12 8 11 7 8 23 26 22 25 21 24 20 21 18 21 17 20 16 19 15 16 13 16 12 15 11 14 10 11 8 5 9 4 8 3 5 2 5 8 4 7 3 6 0 3 8 11 7 10 6 9 5 6 5 4 8
12 26 23 25 22 24 21 21 20 21 18 20 17 19 16 16 15 16 13 15 12 14 11 11 10 23 20 22 19 21 18 18 17 18 15 17 14 16 13 13 12 13 10 12 9 11 8 8 7 20 23 19 22 18 21 17 18 15 18 14 17 13 16 12 13 10 13 9 12 8 11 7 8 11 8 10 7 9 6 6 5 8 5 7 4 6 3 3 0 5 8 4 9 3 8 2 5 6 5 9
9 23 20 22 19 21 18 18 17 18 15 17 14 16 13 13 12 13 10 12 9 11 8 8 7 20 17 19 16 18 15 15 14 15 12 14 11 13 10 10 9 10 7 9 6 8 5 5 4 17 18 16 17 15 16 14 15 12 13 11 12 10 11 9 10 7 8 6 7 5 6 2 3 8 7 11 8 12 9 11 10 5 2 8 3 9 4 8 5 0 3 3 6 4 7 5 8 11 10 14
10 24 21 23 20 22 19 19 18 19 16 18 15 17 14 14 13 14 11 13 10 12 9 9 8 21 18 20 17 19 16 16 15 16 13 15 12 14 11 11 10 11 8 10 7 9 6 6 5 18 17 17 16 16 15 15 14 13 12 12 11 11 10 10 9 8 7 7 6 6 5 3 2 9 8 12 9 13 10 14 11 6 5 9 6 10 7 11 8 3 0 6 3 7 4 8 5 14 13 17
10 24 21 23 20 22 19 19 18 19 16 18 15 17 14 14 13 14 11 13 10 12 9 9 8 21 18 20 17 19 16 16 15 16 13 15 12 14 11 11 10 11 8 10 7 9 6 6 5 18 21 17 20 16 19 15 16 13 16 12 15 11 14 10 11 8 11 7 10 6 9 5 6 9 8 12 9 13 10 10 9 6 3 9 2 10 3 7 4 3 6 0 9 3 10 4 7 10 9 13
13 27 24 26 23 25 22 22 21 22 19 21 18 20 17 17 16 17 14 16 13 15 12 12 11 24 21 23 20 22 19 19 18 19 16 18 15 17 14 14 13 14 11 13 10 12 9 9 8 21 18 20 17 19 16 16 15 16 13 15 12 14 11 11 10 11 8 10 7 9 6 6 5 12 11 15 12 16 13 13 12 9 8 12 9 13 10 10 9 6 3 9 0 10 3 7 4 13 12 16
11 25 22 24 21 23 20 20 19 20 17 19 16 18 15 15 14 15 12 14 11 13 10 10 9 22 19 21 18 20 17 17 16 17 14 16 13 15 12 12 11 12 9 11 8 10 7 7 6 19 22 18 21 17 20 16 17 14 17 13 16 12 15 11 12 9 12 8 11 7 10 6 7 10 9 13 10 12 9 9 8 7 4 10 3 9 2 6 3 4 7 3 10 0 9 3 6 9 8 12
14 28 25 27 24 26 23 23 22 23 20 22 19 21 18 18 17 18 15 17 14 16 13 13 12 25 22 24 21 23 20 20 19 20 17 19 16 18 15 15 14 15 12 14 11 13 10 10 9 22 19 21 18 20 17 17 16 17 14 16 13 15 12 12 11 12 9 11 8 10 7 7 6 13 12 16 13 15 12 12 11 10 9 13 10 12 9 9 8 7 4 10 3 9 0 6 3 12 11 15
12 26 23 25 22 24 21 21 20 21 18 20 17 19 16 16 15 16 13 15 12 14 11 11 10 23 20 22 19 21 18 18 17 18 15 17 14 16 13 13 12 13 10 12 9 11 8 8 7 20 23 19 22 18 21 17 18 15 18 14 17 13 16 12 13 10 13 9 12 8 11 7 8 11 10 12 9 11 8 8 7 8 5 9 4 8 3 5 2 5 8 4 7 3 6 0 3 8 7 11
15 29 26 28 25 27 24 24 23 24 21 23 20 22 19 19 18 19 16 18 15 17 14 14 13 26 23 25 22 24 21 21 20 21 18 20 17 19 16 16 15 16 13 15 12 14 11 11 10 23 20 22 19 21 18 18 17 18 15 17 14 16 13 13 12 13 10 12 9 11 8 8 7 14 11 13 10 12 9 9 8 11 8 10 7 9 6 6 5 8 5 7 4 6 3 3 0 9 8 12
8 22 23 21 22 20 21 19 20 17 18 16 17 15 16 14 15 12 13 11 12 10 11 9 10 23 26 22 25 21 24 20 21 18 21 17 20 16 19 15 16 13 16 12 15 11 14 10 11 26 29 25 28 24 27 23 24 21 24 20 23 19 22 18 19 16 19 15 18 14 17 13 14 7 8 6 7 5 6 2 3 8 11 7 10 6 9 5 6 11 14 10 13 9 12 8 9 0 3 3
9 23 22 22 21 21 20 20 19 18 17 17 16 16 15 15 14 13 12 12 11 11 10 10 9 22 25 21 24 20 23 19 20 17 20 16 19 15 18 14 15 12 15 11 14 10 13 9 10 25 28 24 27 23 26 22 23 20 23 19 22 18 21 17 18 15 18 14 17 13 16 12 13 8 7 7 6 6 5 3 2 7 10 6 9 5 8 4 5 10 13 9 12 8 11 7 8 3 0 6
0 0 0 0 0 0 0 0 0 0 0 0 0 0 0 0 0 0 0 0 0 0 0 0 0 0 0 0 0 0 0 0 0 0 0 0 0 0 0 0 0 0 0 0 0 0 0 0 0 0 0 0 0 0 0 0 0 0 0 0 0 0 0 0 0 0 0 0 0 0 0 0 0 0 0 0 0 0 0 0 0 0 0 0 0 0 0 0 0 0 0 0 0 0 0 0 0 0 0 0
